$SPEC_ID:
20
$SPEC_REM:
DET# 1
DETDESC# OCL-MASSPEC MCB 337
AP# Maestro Version 7.01
$DATE_MEA:
11/03/2023 16:00:55
$MEAS_TIM:
292 300
$DATA:
0 2047
       0
       0
       0
       0
       0
       0
       0
       0
       0
       0
       0
       0
       0
       0
       0
       0
       0
       0
       0
       0
       0
       0
       0
       0
       0
       0
       0
       0
       0
       0
       0
       0
       0
       0
       0
       1
       0
       0
       1
       1
       2
      36
     652
    1276
    1422
    1234
    1076
     916
     884
     866
     847
     912
     867
     832
     868
     906
     890
     915
     926
     956
     982
     977
    1031
    1023
    1063
    1078
    1143
    1163
    1170
    1227
    1285
    1271
    1344
    1436
    1513
    1567
    1646
    1730
    1773
    1732
    1755
    1677
    1609
    1541
    1474
    1465
    1481
    1494
    1467
    1492
    1441
    1453
    1432
    1338
    1353
    1342
    1234
    1265
    1359
    1276
    1261
    1299
    1223
    1250
    1303
    1319
    1307
    1332
    1240
    1237
    1327
    1238
    1222
    1190
    1248
    1259
    1216
    1224
    1284
    1252
    1219
    1248
    1226
    1232
    1212
    1254
    1286
    1170
    1188
    1158
    1198
    1155
    1170
    1204
    1147
    1199
    1173
    1213
    1158
    1191
    1197
    1171
    1066
    1146
    1118
    1145
    1115
    1086
    1109
    1069
    1123
    1121
    1122
    1083
    1149
    1074
    1102
    1074
    1066
    1101
    1087
    1014
    1151
    1127
    1070
    1113
    1158
    1135
    1103
    1206
    1143
    1198
    1183
    1189
    1229
    1249
    1343
    1264
    1324
    1267
    1326
    1310
    1381
    1299
    1314
    1314
    1326
    1358
    1258
    1305
    1319
    1274
    1301
    1305
    1273
    1272
    1235
    1212
    1257
    1258
    1266
    1200
    1182
    1232
    1178
    1199
    1234
    1178
    1171
    1161
    1170
    1139
    1137
    1135
    1183
    1112
    1068
    1132
    1112
    1056
    1073
    1079
    1035
    1047
    1010
    1039
    1015
    1035
     992
     969
     993
    1076
     979
     924
     950
     950
     913
     947
     932
     938
     900
     915
     891
     866
     855
     880
     879
     906
     863
     823
     857
     853
     851
     832
     893
     826
     820
     833
     822
     840
     788
     799
     797
     820
     817
     787
     787
     791
     796
     768
     770
     811
     781
     774
     773
     743
     748
     751
     707
     729
     703
     755
     751
     698
     700
     748
     713
     669
     690
     696
     676
     700
     683
     680
     713
     715
     715
     720
     673
     684
     677
     640
     692
     694
     655
     705
     706
     653
     627
     693
     680
     661
     680
     677
     655
     669
     668
     638
     647
     677
     644
     640
     687
     650
     670
     695
     643
     629
     643
     664
     651
     603
     584
     632
     607
     635
     656
     620
     587
     610
     613
     621
     646
     612
     665
     621
     574
     567
     640
     659
     644
     623
     695
     619
     617
     603
     634
     652
     608
     653
     645
     605
     629
     623
     705
     646
     600
     614
     620
     630
     625
     712
     648
     637
     633
     628
     637
     689
     636
     642
     669
     662
     669
     621
     633
     630
     664
     684
     651
     658
     654
     654
     652
     638
     644
     596
     626
     642
     579
     621
     611
     623
     587
     544
     556
     531
     592
     519
     492
     465
     466
     439
     438
     375
     424
     380
     372
     383
     383
     363
     378
     314
     342
     306
     344
     335
     280
     312
     305
     272
     288
     268
     265
     270
     221
     244
     241
     235
     233
     232
     212
     222
     211
     198
     222
     189
     192
     194
     228
     163
     185
     192
     179
     185
     164
     175
     153
     170
     170
     161
     160
     167
     136
     161
     131
     160
     174
     135
     160
     161
     146
     147
     137
     143
     126
     134
     139
     160
     156
     114
     142
     125
     144
     146
     145
     144
     132
     144
     125
     125
     120
     138
     151
     130
     151
     154
     141
     140
     139
     150
     150
     156
     159
     163
     162
     159
     163
     177
     188
     200
     179
     177
     166
     176
     193
     213
     213
     205
     210
     243
     228
     214
     264
     265
     287
     290
     289
     307
     360
     372
     390
     393
     440
     465
     502
     566
     575
     607
     684
     724
     809
     844
     941
     920
    1108
    1161
    1204
    1390
    1431
    1565
    1627
    1702
    1882
    2071
    2145
    2315
    2476
    2588
    2765
    2953
    3001
    3176
    3384
    3556
    3684
    3851
    4007
    4251
    4375
    4369
    4411
    4629
    4815
    4721
    4986
    4778
    5157
    4913
    4981
    4991
    4960
    4935
    4864
    4760
    4616
    4575
    4442
    4330
    4255
    4155
    3846
    3707
    3626
    3333
    3077
    3004
    2836
    2665
    2548
    2355
    2153
    2071
    1885
    1743
    1521
    1464
    1337
    1193
    1049
     989
     910
     805
     784
     700
     657
     520
     490
     453
     420
     357
     319
     288
     263
     249
     204
     200
     189
     169
     197
     162
     136
     135
     104
     109
     114
      98
      78
      87
      71
      78
      97
      87
      83
      79
      60
      56
      66
      56
      57
      41
      41
      46
      40
      46
      51
      38
      50
      42
      41
      37
      39
      57
      39
      30
      48
      34
      40
      38
      37
      29
      35
      46
      35
      29
      33
      32
      31
      39
      45
      41
      37
      36
      31
      35
      32
      27
      37
      17
      37
      41
      29
      49
      37
      31
      33
      37
      28
      40
      42
      30
      32
      34
      26
      38
      33
      41
      43
      30
      39
      27
      40
      24
      36
      34
      26
      48
      36
      33
      40
      36
      25
      21
      32
      31
      32
      31
      25
      34
      23
      25
      23
      31
      32
      36
      29
      37
      39
      33
      32
      21
      31
      33
      35
      31
      40
      28
      30
      29
      34
      33
      33
      33
      29
      23
      36
      26
      33
      39
      40
      25
      20
      33
      39
      32
      33
      31
      47
      33
      26
      38
      37
      32
      31
      37
      39
      33
      25
      27
      25
      33
      30
      32
      42
      24
      27
      32
      38
      36
      31
      26
      30
      29
      45
      37
      28
      22
      29
      32
      32
      29
      29
      19
      38
      44
      29
      36
      34
      34
      39
      27
      28
      29
      34
      30
      29
      23
      28
      25
      27
      32
      27
      36
      34
      31
      20
      33
      35
      32
      44
      40
      32
      31
      22
      34
      33
      26
      34
      27
      33
      25
      21
      31
      24
      16
      29
      26
      18
      35
      25
      19
      23
      24
      12
      22
      25
      26
      21
      27
      21
      21
      17
      14
      23
      28
      20
      15
      24
      22
      21
      24
      24
      25
      21
      24
      15
      27
      23
      19
      27
      21
      24
      21
      21
      15
      18
      13
      26
      21
      21
      19
      15
      23
      24
      17
      17
      26
      21
      22
      20
      20
      25
      24
      18
      26
      29
      25
      17
      18
      21
      20
      16
      23
      19
      20
      25
      20
      20
      20
      24
      26
      25
      18
      15
      14
      18
      18
      24
      25
      27
      22
      24
      24
      19
      22
      22
      15
      22
      18
      19
      20
      17
      26
      14
      30
      19
      21
      20
      22
      16
      19
      22
      19
      23
      22
      21
      26
      21
      22
      21
      19
      21
      37
      25
      27
      22
      29
      19
      20
      26
      12
      20
      19
      23
      31
      13
      25
      15
      15
      23
      14
      23
      18
      25
      16
      14
      22
      24
      17
      14
      18
      19
      16
      19
      22
      28
      14
      21
      10
      20
      14
      12
      18
      20
      21
      17
       9
      13
      18
      18
      15
      17
      22
      25
      14
      10
      15
       9
      16
      16
      19
      21
      16
      21
       7
      16
      13
      12
       7
      18
      17
      17
      16
      13
      14
      20
      14
      11
       9
      15
       9
      20
      13
      14
       6
      18
      15
      17
      12
      17
      21
      12
      13
      13
      17
      13
      11
      13
      20
       9
      12
      17
      15
      14
      14
      14
       4
      18
      17
      13
      10
       7
      13
       9
      11
      13
       9
       8
      12
       8
      10
       7
       8
       7
      21
      11
      12
      13
      12
       9
       6
      11
      12
      17
      10
      11
       9
      16
      18
      13
      13
      12
       9
      12
      13
      15
      12
       7
      19
      13
       8
      16
      10
      16
      10
       9
      13
      14
      14
      13
      11
      11
       6
      18
      15
      13
      18
      16
      13
      11
       8
       9
      12
       6
       9
      13
      13
      21
      15
      15
      17
      14
      14
      19
      12
      14
      10
      13
      11
      13
      13
      13
      10
      11
      25
      11
      17
      13
      12
      16
       9
      12
      13
      15
       8
      11
      10
      20
      12
      14
      15
      17
      15
      12
      17
      14
      22
      17
      14
      11
      24
      16
      12
      19
      23
      23
      23
      21
      19
      27
      36
      27
      28
      21
      30
      16
      18
      19
      21
      34
      32
      24
      25
      34
      33
      31
      33
      23
      33
      38
      27
      36
      41
      32
      29
      35
      28
      30
      39
      44
      46
      36
      38
      38
      35
      37
      43
      31
      54
      32
      41
      44
      38
      36
      36
      27
      28
      31
      38
      42
      40
      32
      33
      34
      33
      26
      36
      25
      43
      31
      29
      23
      33
      13
      19
      19
      20
      18
      19
      31
      17
      20
      20
      13
      16
      15
      19
      16
      20
      18
      10
      22
      18
      16
      16
      12
      14
      13
      13
      11
      17
      12
       8
      13
       4
      13
      13
      10
      14
       7
       8
       4
      10
       8
       6
       8
       6
       6
      10
       3
       5
       6
       6
       7
       4
       4
       7
       9
       7
       9
       7
       7
       3
       3
       8
       3
       3
       9
       4
       8
       5
       7
       8
       8
       4
       8
       3
       9
       5
      10
       7
       9
       5
       4
       4
       2
      12
       6
       3
       6
       8
       2
       5
       6
       4
       6
       8
       5
       4
       3
       5
       3
       6
       2
       1
       4
       8
       4
       1
       4
       5
       5
       3
       6
       4
       6
       4
       3
       1
       5
       2
       3
       6
       2
       3
       5
       1
       4
       1
       3
       6
       3
       1
       3
       2
       1
       1
       4
       3
       3
       3
       1
       1
       4
       3
       3
       2
       4
       5
       5
       5
       3
       0
       4
       4
       1
       3
       3
       3
       4
       3
       8
       8
       4
       6
       1
       3
       5
       5
       2
       2
       3
       4
       1
       6
       2
       4
       8
       4
       4
       6
       4
       4
       6
       4
       3
       8
       3
       3
       5
       1
       2
       0
       6
       4
       2
       5
       3
       2
       2
       2
       5
       5
       5
       2
       6
       6
       3
       3
       6
       2
       2
       6
       6
       8
       5
       3
       1
       4
       3
       6
       6
       3
       5
       3
       6
       5
       6
       5
       7
       1
       5
       6
       3
       3
       4
       2
       4
       5
       2
       4
       2
       5
       4
       3
       5
       1
       4
       1
       1
       1
       6
       6
       5
       5
       5
       1
       3
       3
       1
       6
       2
       3
       1
       1
       5
       4
       4
       6
       5
       3
       5
       4
       5
       3
       0
       3
       2
       3
       5
       3
       3
       4
       2
       2
       0
       1
       5
       3
       1
       5
       1
       5
       2
       1
       3
       2
       3
       4
       2
       3
       6
       2
       2
       2
       4
       3
       2
       6
       3
       1
       5
       7
       4
       2
       2
       1
       0
       3
       0
       3
       4
       1
       2
       4
       3
       3
       4
       1
       0
       4
       1
       2
       2
       2
       1
       0
       4
       3
       3
       1
       4
       3
       5
       4
       2
       2
       0
       3
       2
       1
       0
       4
       1
       2
       0
       3
       3
       3
       3
       0
       1
       3
       2
       1
       3
       1
       1
       3
       4
       1
       5
       2
       5
       5
       5
       3
       3
       3
       5
       4
       2
       3
       4
       1
       0
       2
       1
       1
       1
       2
       1
       4
       4
       2
       2
       3
       3
       1
       3
       3
       3
       3
       2
       2
       2
       0
       3
       2
       1
       2
       2
       4
       2
       4
       2
       2
       5
       6
       3
       4
       2
       2
       2
       2
       4
       2
       3
       3
       0
       4
       1
       0
       4
       4
       3
       3
       2
       1
       1
       2
       3
       2
       2
       2
       4
       1
       1
       1
       1
       3
       3
       1
       2
       0
       5
       6
       2
       1
       1
       2
       3
       2
       2
       2
       4
       3
       3
       3
       4
       1
       3
       2
       2
       2
       2
       1
       5
       0
       3
       3
       2
       5
       5
       2
       4
       5
       1
       1
       4
       2
       5
       2
       6
       3
       3
       3
       4
       1
       2
       0
       1
       4
       0
       1
       2
       1
       1
       2
       0
       0
       1
       1
       1
       3
       5
       1
       1
       3
       1
       1
       1
       2
       4
       4
       2
       0
       0
       3
       2
       3
       3
       7
       4
       2
       2
       1
       6
       3
       0
       3
       1
       3
       2
       1
       1
       2
       2
       5
       2
       1
       3
       3
       5
       2
       2
       0
       4
       2
       1
       3
       0
       3
       2
       2
       3
       1
       4
       3
       4
       2
       0
       2
       5
       4
       1
       2
       2
       3
       2
       1
       2
       1
       1
       3
       3
       3
       1
       1
       2
       2
       0
       1
       4
       1
       2
       2
       2
       4
       4
       3
       2
       0
       2
       0
       0
       5
       2
       0
       2
       1
       2
       1
       3
       3
       4
       2
       1
       1
       2
       4
       1
       1
       2
       0
       3
       1
       1
       3
       0
       0
       2
       0
       1
       2
       1
       1
       3
       6
       0
       1
       1
       1
       3
       1
       3
       0
       4
       1
       2
       2
       0
       2
       0
       1
       1
       1
       3
       1
       0
       2
       1
       1
       1
       0
       2
       2
       1
       5
       0
       2
       1
       3
       0
       2
       0
       1
       2
       2
       1
       0
       1
       1
       0
       2
       3
       0
       0
       2
       1
       2
       2
       1
       1
       2
       4
       2
       3
       1
       0
       1
       2
       2
       0
       2
       1
       2
       0
       1
       0
       1
       0
       1
       1
       1
       0
       0
       1
       1
       0
       1
       0
       0
       0
       0
       1
       1
       0
       1
       1
       1
       1
       1
       1
       1
       0
       0
       1
       1
       1
       1
       1
       0
       0
       0
       0
       1
       1
       0
       1
       1
       3
       3
      11
      19
      18
      20
      18
      17
      24
      26
      12
      21
      14
      20
      20
      22
      18
      27
      20
      20
      20
      20
      17
      21
      13
      26
      18
      20
      15
      18
      19
      12
      15
      19
      18
      19
      19
      18
      16
      22
      13
      20
      18
      15
      20
      24
      20
      12
$ROI:
0
$PRESETS:
Real Time
300
0
$ENER_FIT:
-53.653728 1.233886
$MCA_CAL:
3
-5.365373E+001 1.233886E+000 0.000000E+000 keV
$SHAPE_CAL:
3
0.000000E+000 0.000000E+000 0.000000E+000
