$SPEC_ID:
20
$SPEC_REM:
DET# 1
DETDESC# OCL-MASSPEC MCB 337
AP# Maestro Version 7.01
$DATE_MEA:
11/03/2023 16:07:05
$MEAS_TIM:
294 300
$DATA:
0 2047
       0
       0
       0
       0
       0
       0
       0
       0
       0
       0
       0
       0
       0
       0
       0
       0
       0
       0
       0
       0
       0
       0
       0
       0
       0
       0
       0
       0
       0
       0
       0
       0
       0
       0
       0
       0
       1
       0
       1
       2
       4
       9
      78
     240
     377
     436
     457
     443
     481
     505
     523
     487
     498
     485
     522
     523
     565
     547
     622
     647
     615
     667
     646
     694
     712
     758
     731
     736
     803
     857
     910
     938
     910
    1055
    1159
    1167
    1238
    1241
    1279
    1221
    1301
    1207
    1131
    1125
    1098
    1102
    1087
    1111
    1015
    1024
    1092
    1090
    1047
    1070
    1020
    1014
    1027
    1006
     957
     990
    1028
     934
     971
     969
     978
     975
     938
     984
     984
     965
     964
     915
     973
     907
     956
     954
     918
     946
     925
     945
     898
     922
     921
     890
     855
     890
     884
     884
     870
     856
     853
     827
     839
     884
     832
     871
     838
     790
     819
     803
     837
     841
     738
     771
     763
     773
     801
     771
     758
     795
     730
     793
     788
     731
     743
     725
     715
     727
     740
     728
     670
     690
     701
     731
     675
     706
     691
     696
     692
     689
     716
     677
     706
     660
     654
     676
     666
     622
     662
     675
     660
     650
     666
     654
     625
     654
     626
     688
     635
     687
     652
     683
     655
     612
     667
     716
     702
     664
     693
     698
     738
     658
     737
     675
     686
     681
     692
     668
     692
     705
     677
     697
     726
     657
     662
     632
     708
     698
     679
     678
     629
     676
     644
     687
     665
     640
     661
     623
     641
     618
     631
     614
     653
     623
     654
     615
     597
     564
     613
     608
     604
     572
     609
     564
     589
     552
     594
     557
     564
     565
     560
     514
     500
     526
     537
     525
     520
     525
     515
     548
     498
     523
     494
     507
     498
     458
     499
     505
     543
     508
     490
     454
     450
     497
     457
     423
     490
     475
     473
     472
     472
     450
     451
     435
     448
     442
     436
     445
     426
     429
     410
     419
     442
     413
     437
     458
     413
     401
     466
     385
     431
     416
     458
     413
     425
     408
     388
     397
     396
     403
     417
     388
     385
     361
     392
     342
     406
     390
     369
     402
     407
     417
     387
     351
     372
     346
     356
     369
     336
     367
     363
     367
     369
     343
     334
     341
     330
     335
     319
     313
     311
     327
     282
     278
     328
     342
     285
     297
     311
     307
     306
     325
     311
     326
     304
     308
     299
     287
     317
     331
     309
     345
     305
     310
     286
     302
     298
     300
     279
     296
     297
     301
     292
     327
     295
     300
     287
     292
     278
     293
     294
     279
     296
     298
     262
     269
     305
     275
     302
     281
     291
     299
     298
     272
     294
     280
     314
     277
     275
     288
     292
     268
     268
     276
     261
     250
     286
     255
     257
     280
     258
     274
     293
     262
     308
     278
     267
     260
     271
     265
     282
     301
     267
     263
     286
     280
     296
     296
     277
     250
     258
     266
     263
     289
     247
     243
     263
     290
     257
     290
     255
     255
     278
     282
     261
     281
     262
     266
     249
     254
     232
     278
     262
     240
     265
     271
     270
     266
     262
     248
     255
     271
     271
     271
     287
     258
     268
     257
     264
     260
     243
     247
     244
     248
     227
     278
     265
     260
     219
     242
     267
     236
     253
     272
     232
     259
     240
     233
     266
     233
     225
     254
     231
     249
     237
     258
     239
     250
     250
     249
     272
     247
     243
     220
     267
     238
     245
     273
     255
     276
     256
     271
     256
     251
     241
     282
     236
     268
     261
     240
     233
     234
     256
     245
     228
     245
     224
     276
     231
     261
     278
     255
     253
     258
     304
     278
     226
     274
     242
     236
     255
     254
     256
     248
     254
     222
     229
     262
     268
     238
     238
     235
     246
     237
     218
     206
     242
     231
     246
     218
     259
     249
     235
     239
     236
     247
     210
     253
     239
     232
     268
     246
     245
     244
     207
     242
     227
     224
     258
     251
     245
     217
     237
     245
     238
     238
     220
     215
     235
     243
     214
     249
     257
     260
     227
     234
     254
     249
     213
     231
     232
     226
     245
     262
     259
     264
     221
     213
     255
     274
     254
     201
     246
     209
     273
     223
     266
     246
     256
     232
     239
     234
     232
     269
     247
     234
     244
     245
     247
     223
     260
     257
     213
     245
     238
     232
     246
     252
     237
     262
     219
     250
     247
     264
     249
     278
     225
     239
     224
     255
     237
     267
     260
     243
     250
     254
     242
     272
     260
     250
     242
     271
     235
     236
     276
     260
     264
     264
     235
     270
     235
     233
     257
     240
     266
     235
     248
     245
     244
     268
     242
     243
     269
     269
     245
     241
     250
     235
     282
     281
     269
     242
     263
     248
     226
     267
     256
     270
     281
     292
     260
     261
     257
     287
     274
     231
     243
     288
     240
     257
     245
     297
     287
     279
     290
     272
     287
     283
     267
     297
     268
     324
     266
     278
     280
     260
     234
     286
     273
     271
     276
     305
     296
     276
     298
     303
     258
     295
     255
     305
     297
     247
     256
     299
     294
     293
     300
     273
     268
     278
     260
     294
     282
     257
     286
     273
     298
     289
     307
     267
     289
     298
     290
     282
     305
     241
     312
     283
     290
     287
     312
     261
     286
     321
     283
     308
     299
     313
     322
     275
     313
     284
     313
     272
     275
     261
     267
     320
     292
     291
     276
     277
     293
     291
     237
     299
     244
     319
     264
     257
     285
     269
     272
     247
     249
     238
     278
     235
     253
     228
     223
     240
     220
     253
     215
     214
     234
     221
     209
     224
     223
     221
     193
     227
     223
     205
     228
     200
     219
     236
     208
     218
     220
     199
     219
     183
     218
     215
     188
     216
     194
     203
     204
     201
     213
     163
     194
     178
     205
     201
     185
     194
     171
     199
     184
     206
     199
     202
     199
     182
     211
     187
     164
     184
     172
     198
     151
     199
     175
     192
     174
     202
     191
     204
     171
     174
     188
     185
     196
     182
     184
     180
     207
     189
     204
     190
     190
     185
     200
     201
     172
     161
     182
     156
     184
     182
     195
     173
     182
     197
     166
     190
     173
     175
     173
     164
     187
     170
     170
     182
     173
     187
     198
     187
     192
     181
     169
     177
     171
     171
     177
     166
     187
     184
     168
     181
     201
     182
     176
     185
     178
     187
     178
     190
     191
     177
     197
     202
     193
     194
     218
     183
     197
     217
     212
     206
     241
     245
     234
     274
     260
     276
     291
     290
     291
     323
     304
     359
     360
     375
     363
     406
     386
     395
     417
     499
     460
     516
     509
     557
     531
     536
     567
     592
     635
     610
     695
     691
     702
     703
     706
     737
     775
     820
     832
     788
     776
     865
     837
     880
     820
     890
     832
     909
     866
     868
     926
     856
     873
     869
     862
     889
     843
     839
     798
     855
     815
     764
     770
     732
     754
     732
     701
     635
     691
     630
     667
     606
     589
     546
     537
     493
     518
     478
     466
     454
     406
     389
     374
     364
     363
     349
     299
     314
     309
     264
     275
     274
     258
     226
     205
     197
     219
     199
     201
     166
     157
     183
     161
     152
     152
     153
     145
     130
     122
     150
     124
     129
     152
     105
     143
     147
     135
     132
     148
     135
     128
     129
     162
     154
     175
     171
     189
     163
     184
     182
     187
     209
     194
     209
     207
     230
     244
     273
     246
     240
     277
     294
     310
     363
     353
     351
     359
     350
     355
     391
     394
     429
     422
     490
     484
     475
     533
     543
     519
     543
     553
     608
     589
     595
     591
     600
     627
     676
     642
     675
     655
     646
     677
     694
     654
     698
     712
     701
     709
     728
     692
     681
     690
     646
     699
     665
     649
     625
     615
     662
     686
     599
     592
     542
     608
     566
     584
     538
     544
     501
     468
     508
     445
     455
     441
     400
     390
     364
     393
     361
     340
     311
     305
     297
     291
     262
     254
     259
     224
     209
     195
     216
     188
     179
     178
     173
     170
     147
     136
     129
     124
     122
     112
     123
     103
     120
      89
      86
      81
      86
      91
      86
      69
      75
      65
      63
      82
      66
      73
      75
      53
      56
      53
      60
      59
      45
      54
      71
      49
      61
      53
      46
      38
      56
      58
      36
      49
      53
      51
      49
      47
      59
      48
      40
      45
      47
      54
      44
      52
      56
      37
      41
      45
      44
      47
      45
      42
      53
      45
      42
      42
      39
      41
      35
      43
      26
      47
      31
      43
      45
      33
      45
      34
      42
      36
      27
      38
      33
      29
      36
      29
      31
      26
      33
      15
      31
      32
      26
      17
      21
      28
      34
      27
      29
      24
      14
      26
      16
      14
      26
      15
      22
      27
      19
      13
      10
      16
      17
      11
      20
      11
      17
      27
      12
      10
      18
      12
      14
      20
      20
      16
      10
      10
      19
      12
       9
      12
       6
      18
      19
      15
      12
      13
       9
      14
      14
      13
       8
      10
      11
       5
      11
      22
       6
      11
      16
       9
      19
      15
       9
      11
      12
      14
      13
      11
      12
       9
       9
      11
      11
      10
       8
      14
       8
      10
       7
      11
      11
      11
      10
       5
       7
      13
      13
      14
       6
      14
      11
      10
      13
      11
      12
      10
      10
       7
       8
       7
       8
      11
      10
       7
       8
      10
       9
      10
      13
       7
      14
       5
      16
       9
       6
      11
       8
       9
      10
       3
       4
      13
       7
       9
       6
       7
       4
       3
       6
       6
       6
       6
       6
       4
      10
       8
       6
       6
      13
       6
       8
       5
      11
      10
       5
       5
       3
       9
      13
      13
       7
       9
      10
      13
      10
       8
       8
       7
      14
       8
       5
      10
       8
       8
       8
       7
       5
       6
       6
      10
       6
       8
       9
      11
       6
      10
       7
       7
       9
       8
       9
      10
      11
       8
       6
       8
      13
      13
       5
      10
      14
       6
       8
      12
       7
       5
       7
       8
       8
       8
      12
       8
       6
       8
       9
       3
       9
      10
      14
      10
       6
       9
      12
      10
       8
       7
       9
       5
       5
       5
      12
       8
      11
       7
      16
       7
       6
      10
       6
       7
       5
       9
       9
       5
       9
       6
       4
       5
       3
       7
       6
       9
       5
      10
       7
       6
       9
      10
       5
       7
      11
       7
       6
       7
       8
       7
      10
       7
       9
       3
      11
       7
       2
       6
       8
       7
       5
       9
       7
       6
      11
       8
       7
       3
       9
       2
       8
       6
       4
       6
       3
       9
       5
       7
       9
       9
       6
       5
       3
       2
       3
       3
       9
       5
       3
       1
       5
       4
       4
       4
      10
      12
       5
       0
       4
       5
       6
       7
       9
       6
       7
       5
       4
       4
       7
       1
       4
       6
       5
       7
       7
       2
       5
       7
       7
       6
       3
       2
      11
       5
       6
       5
       5
       8
       6
       6
       4
      10
       6
       4
       7
       6
       6
       5
       7
       7
      10
       4
       5
       8
       7
       5
       3
       6
       6
       7
       6
       8
       4
       6
       4
       5
       7
       1
       5
       7
       7
       2
       3
       6
       4
       1
       2
       4
       3
       3
       6
       6
       7
       2
       4
       4
       6
       5
       9
       7
       8
       4
       4
       7
       5
       6
       3
       6
      10
       9
       3
       7
       4
       5
       7
       3
       8
       8
       5
       5
       6
       4
       3
       3
       9
       8
       4
       1
       8
       7
       8
       7
       4
       6
       7
      11
       6
      11
       5
       2
       3
       2
       8
      10
       5
       7
       3
       5
       6
       3
       8
       3
       8
       6
       9
       5
       8
       8
       7
       9
       5
       9
       5
       7
       7
      10
       4
       3
       6
       2
       2
       3
       4
       2
       6
       7
      10
       6
       3
      10
       8
       4
       8
       7
       8
       5
       9
       8
       8
       5
       6
       8
       6
       2
       6
       3
       9
       6
       5
       8
       3
       8
       9
       9
      11
       7
       7
       5
       8
       7
       7
       9
       8
       5
       9
       6
       4
       9
       4
       7
       3
       4
       3
       3
       5
       6
       7
       8
       9
       8
       5
       6
       3
      13
       2
       6
       3
       4
       9
       5
       3
       1
       8
       6
       5
       3
      10
       5
       7
       5
       6
       2
       4
       5
       2
       8
       9
       7
       6
       5
       8
       4
       4
       5
       2
       6
       7
      11
       4
       6
       3
       5
      10
       3
       8
       5
       5
       5
       4
       7
       4
       7
       7
      12
       6
      11
       5
       5
       8
       3
       6
       4
       3
       3
      10
       5
       8
       8
       7
       5
       3
       8
       8
       3
       6
       7
       4
       5
       3
       3
       9
       6
       6
       8
       2
       7
       3
       4
       6
       3
       3
       4
       6
       4
       4
       6
       2
       3
       8
       2
       8
       3
       8
       5
       6
       2
       1
       1
       6
       3
       6
       3
       3
       4
       5
       1
       5
       4
       2
       1
       4
       9
       6
       2
       4
       1
       1
       3
       5
       5
       4
       1
       5
       4
       5
       3
       4
       1
       0
       2
       2
       3
       4
       3
       4
       6
       2
       2
       2
       4
       0
       4
       3
       4
       5
       5
       2
       4
       3
       2
       2
       3
       1
       3
       2
       4
       4
       4
       3
       3
       2
       1
       1
       4
       1
       1
       1
       1
       1
       1
       1
       5
       4
       2
       3
       2
       0
       3
       4
       1
       2
       3
       4
       1
       5
       3
       4
       3
       2
       3
       3
       6
       4
       0
       2
       5
       2
       3
       3
       3
       2
       3
       4
       3
       3
       0
       3
       0
       2
       0
       1
       6
      10
      49
      41
      29
      44
      40
      45
      37
      34
      34
      44
      48
      38
      22
      39
      37
      18
      24
      33
      28
      31
      29
      29
      41
      26
      36
      38
      33
      35
      36
      35
      34
      22
      36
      29
      26
      24
      34
      29
      37
      27
      34
      23
      35
      39
      27
      19
$ROI:
0
$PRESETS:
Real Time
300
0
$ENER_FIT:
-53.653728 1.233886
$MCA_CAL:
3
-5.365373E+001 1.233886E+000 0.000000E+000 keV
$SHAPE_CAL:
3
0.000000E+000 0.000000E+000 0.000000E+000
