$SPEC_ID:
20
$SPEC_REM:
DET# 1
DETDESC# OCL-MASSPEC MCB 337
AP# Maestro Version 7.01
$DATE_MEA:
11/03/2023 16:15:33
$MEAS_TIM:
298 300
$DATA:
0 2047
       0
       0
       0
       0
       0
       0
       0
       0
       0
       0
       0
       0
       0
       0
       0
       0
       0
       0
       0
       0
       0
       0
       0
       0
       0
       0
       0
       0
       0
       0
       0
       0
       0
       0
       0
       0
       0
       0
       0
       0
       0
       3
      39
      90
     178
     200
     266
     231
     239
     254
     239
     311
     311
     306
     310
     298
     334
     349
     420
     403
     401
     447
     429
     479
     490
     541
     533
     594
     619
     628
     638
     670
     752
     716
     787
     866
     862
     919
     886
     927
     928
     886
     861
     849
     827
     853
     849
     834
     860
     812
     854
     814
     802
     764
     816
     786
     775
     806
     732
     729
     792
     800
     749
     764
     708
     753
     752
     763
     747
     746
     736
     715
     704
     771
     696
     694
     773
     750
     706
     679
     699
     686
     711
     706
     672
     657
     697
     669
     642
     591
     605
     626
     645
     612
     657
     633
     638
     615
     618
     638
     598
     564
     571
     510
     537
     521
     520
     547
     569
     554
     538
     503
     483
     538
     475
     500
     472
     522
     490
     484
     479
     503
     496
     445
     446
     448
     461
     453
     429
     476
     475
     501
     434
     401
     381
     424
     440
     424
     411
     402
     423
     388
     391
     364
     370
     421
     359
     334
     398
     382
     353
     371
     388
     406
     348
     335
     342
     348
     342
     331
     340
     367
     386
     322
     295
     325
     298
     331
     331
     335
     335
     326
     304
     314
     312
     296
     317
     293
     346
     349
     363
     299
     297
     301
     285
     313
     269
     294
     276
     292
     272
     261
     262
     268
     239
     246
     245
     228
     229
     225
     220
     231
     233
     222
     225
     241
     198
     214
     198
     239
     202
     207
     222
     224
     206
     205
     191
     217
     219
     215
     211
     218
     212
     202
     210
     201
     189
     188
     193
     196
     176
     195
     182
     172
     194
     181
     175
     189
     174
     182
     176
     161
     166
     170
     178
     191
     176
     155
     148
     132
     163
     159
     198
     130
     153
     144
     177
     134
     152
     128
     144
     165
     148
     146
     146
     154
     155
     127
     140
     137
     146
     154
     128
     135
     138
     126
     145
     117
     129
     140
     118
     132
     125
     127
     128
     113
     119
     128
     127
     120
     113
     111
     112
     121
     119
     111
     110
     114
     109
     107
     104
     102
     125
     107
     119
     107
      77
     106
      93
     105
      85
     102
     116
      96
      88
      95
      91
     103
      95
      95
     107
      95
      97
      85
      82
      88
      93
      85
     103
      93
      78
      86
      93
      76
      82
      79
      90
      78
      90
      74
      81
      77
      64
      84
      87
      94
      78
      95
      94
      60
      97
      75
      90
      64
      93
      77
      70
      81
      85
      72
      77
      85
      75
      69
      79
      76
      68
      60
      73
      65
      76
      62
      80
      62
      86
      76
      65
      67
      72
      74
      68
      77
      86
      75
      72
      71
      82
      86
      64
      73
      78
      73
      79
      73
      66
      72
      81
      59
      65
      77
      60
      64
      67
      61
      66
      63
      66
      75
      77
      62
      71
      70
      62
      61
      69
      75
      69
      73
      69
      72
      59
      66
      68
      61
      61
      56
      62
      70
      61
      62
      84
      71
      55
      59
      61
      62
      72
      65
      67
      58
      63
      60
      58
      58
      65
      46
      60
      65
      81
      60
      65
      62
      61
      68
      62
      53
      79
      46
      56
      59
      59
      60
      60
      57
      55
      54
      60
      58
      58
      53
      75
      62
      59
      59
      65
      66
      57
      57
      63
      60
      74
      68
      63
      52
      54
      48
      63
      67
      70
      69
      64
      50
      69
      55
      68
      61
      55
      42
      57
      55
      59
      35
      48
      46
      54
      49
      56
      47
      44
      55
      52
      51
      51
      46
      52
      36
      35
      47
      36
      42
      43
      45
      47
      36
      43
      34
      43
      40
      43
      34
      34
      46
      42
      40
      39
      36
      37
      33
      33
      32
      45
      36
      38
      29
      40
      33
      37
      28
      43
      42
      30
      31
      30
      41
      27
      29
      43
      37
      29
      40
      28
      39
      35
      35
      38
      35
      37
      45
      40
      28
      37
      40
      47
      33
      38
      36
      30
      38
      31
      37
      34
      42
      26
      33
      40
      36
      36
      42
      34
      32
      28
      29
      32
      29
      38
      36
      37
      37
      32
      42
      36
      28
      34
      32
      35
      33
      38
      24
      27
      30
      26
      33
      34
      35
      30
      27
      25
      35
      27
      33
      29
      30
      33
      22
      35
      26
      30
      29
      25
      37
      43
      34
      33
      36
      23
      29
      35
      21
      31
      37
      27
      27
      27
      37
      22
      34
      32
      29
      35
      24
      28
      31
      30
      37
      32
      31
      30
      27
      41
      24
      33
      31
      26
      40
      31
      31
      23
      18
      20
      35
      34
      28
      35
      28
      32
      32
      37
      34
      27
      24
      33
      32
      20
      21
      34
      24
      31
      22
      29
      27
      39
      18
      24
      39
      16
      26
      28
      37
      23
      24
      27
      20
      32
      31
      20
      31
      25
      28
      34
      37
      28
      35
      32
      29
      34
      25
      31
      24
      18
      22
      21
      35
      30
      27
      35
      28
      29
      29
      25
      34
      31
      18
      23
      32
      36
      21
      21
      25
      29
      27
      31
      33
      21
      32
      36
      28
      25
      26
      28
      23
      24
      21
      30
      31
      30
      30
      21
      23
      25
      21
      27
      30
      23
      29
      40
      34
      30
      22
      30
      29
      34
      23
      17
      35
      21
      26
      25
      29
      23
      19
      25
      20
      23
      19
      26
      35
      28
      28
      28
      36
      28
      36
      27
      22
      28
      32
      34
      25
      28
      28
      28
      17
      15
      16
      19
      26
      20
      21
      19
      19
      21
      27
      24
      22
      20
      22
      20
      20
      24
      20
      16
      30
      18
      29
      30
      24
      17
      12
      23
      20
      28
      16
       9
      25
      24
      20
      18
      23
      20
      25
      19
      22
      11
      12
      16
      16
      16
      19
      18
      19
      14
      25
      18
      18
      26
      15
      20
      18
      12
      19
      20
      22
      21
      23
      13
      16
      13
      18
      20
      25
      29
      22
      23
      16
      16
      18
      15
      23
      19
      22
      17
      12
      18
      16
      19
      19
      20
      23
      14
      23
      21
      15
      28
      23
      13
      24
      23
      19
      19
      24
      13
      17
      23
      17
      16
      24
      22
      21
      23
      18
      18
      25
      22
      14
      24
      18
      16
      14
      21
      21
      22
      21
      19
      20
      19
      21
      25
      14
      32
      21
      20
      24
      24
      20
      18
      19
      15
      26
      18
      22
      14
      21
      23
      26
      18
      17
      19
      13
      20
      23
      15
      17
      20
      17
      16
      13
      13
      12
      14
      14
      18
      13
      23
       7
      16
      15
      15
      13
      23
      13
      10
      17
      17
      20
      22
      23
      19
      14
      19
      23
      16
      16
      22
      18
      13
      18
      17
      17
      16
      20
      15
      15
      15
      10
      15
      15
      18
      11
      11
      12
      14
      10
      18
       6
      11
      14
      13
       9
      11
      16
      19
      11
      11
      13
      13
      15
      17
      10
      15
      15
      14
      12
      10
      14
      16
      16
      14
      13
       8
      15
       7
      15
      12
      10
      11
      10
      13
      22
      12
      14
      14
      11
      15
      12
      13
      17
      10
      10
       5
       8
       7
      15
       9
      13
      11
      14
      12
      15
      13
       4
      14
      16
      11
      18
      18
      15
       5
       9
       6
      11
       6
      11
       9
      11
       9
      16
      11
       9
       9
      16
       9
      10
      14
      15
      13
      14
      16
      14
       7
      13
      12
       9
      18
      12
      12
      11
      10
      11
      10
      15
      13
      16
      12
      17
      15
      14
       6
      12
      11
      11
      15
      19
       9
      10
      15
      14
      24
      13
      14
      18
      12
      11
      11
       8
       5
      16
      16
      16
      13
      17
      21
      12
      18
      16
      16
      16
      19
      12
      20
      18
      23
      17
      22
      18
      29
      14
      18
      16
      30
      14
      24
      25
      18
      30
      17
      40
      22
      21
      36
      15
      29
      24
      29
      22
      20
      29
      37
      34
      41
      33
      36
      30
      22
      43
      35
      35
      34
      38
      41
      44
      41
      37
      34
      33
      38
      33
      32
      24
      42
      44
      42
      38
      33
      44
      30
      22
      35
      37
      32
      34
      29
      30
      31
      31
      19
      30
      31
      20
      29
      22
      30
      25
      23
      22
      34
      26
      29
      34
      31
      33
      16
      26
      17
      22
      13
      19
      11
      22
      18
      24
      16
      21
      11
      14
      20
      13
      13
      14
       8
      14
      12
      17
       9
      12
      11
       9
      10
       9
       9
      10
      12
       8
       7
      12
       8
      10
       9
       6
       8
       4
       9
       6
       4
       6
       6
      16
      15
       8
       9
       9
       9
       6
       5
       5
       6
       2
       7
       9
       8
       5
       3
       7
       5
       3
       6
       6
       5
       3
       5
       9
       5
       5
       7
       8
       6
       2
       8
       8
       8
       5
       5
       2
       2
       8
       7
       4
       3
       5
       6
       8
       6
       6
       6
       2
       5
       5
       4
       3
       6
       3
       2
       4
       6
       1
       4
       4
       5
       3
       6
       3
       2
       7
       4
       5
       6
       4
       5
       9
       5
       5
       3
       0
       3
       2
       5
       4
       2
       1
       5
       5
       3
       3
       2
       2
       5
       4
       6
       4
       3
       5
       8
       2
       3
       0
       2
       1
       4
       2
       3
       1
       3
       4
       1
       2
       2
       3
       3
       6
       1
       8
       4
       4
       1
       4
       3
       4
       3
       1
       0
       5
       2
       3
       4
       4
       7
       3
       4
       2
       3
       2
       2
       2
       6
       6
       3
       4
       4
       4
       3
       4
       3
       3
       6
       9
       5
       1
       4
       6
       0
       5
       5
       3
       3
       7
       9
       4
       3
       4
       4
       2
       2
       4
       6
       2
       3
       4
       4
       5
       3
       5
       3
       1
       4
       9
       2
       6
       5
       2
       6
       4
       3
       2
       4
       4
       2
       4
       5
       5
       5
       5
       3
       4
       7
       2
       4
       5
       4
       2
       1
       4
       6
       3
       6
       0
       2
       3
       5
       3
       2
       4
       3
       3
       4
       2
       1
       1
       2
       2
       4
       3
       5
       1
       4
       2
       2
       3
       3
       2
       4
       2
       4
       5
       2
       3
       1
       1
       1
       1
       2
       3
       5
       4
       4
       3
       6
       2
       1
       8
       2
       2
       3
       2
       2
       0
       1
       2
       3
       2
       3
       4
       2
       2
       3
       0
       4
       5
       0
       0
       2
       1
       0
       0
       0
       3
       0
       1
       3
       3
       2
       0
       3
       3
       2
       2
       2
       3
       1
       0
       3
       2
       0
       1
       3
       3
       1
       2
       2
       2
       2
       3
       1
       1
       1
       2
       1
       0
       1
       2
       0
       3
       6
       2
       2
       3
       2
       0
       0
       4
       2
       2
       3
       5
       4
       2
       2
       3
       0
       6
       4
       1
       2
       2
       2
       0
       0
       1
       0
       2
       2
       2
       3
       4
       3
       3
       0
       3
       0
       4
       1
       2
       1
       2
       0
       2
       2
       6
       3
       4
       1
       1
       1
       2
       0
       0
       0
       3
       1
       5
       2
       2
       1
       1
       1
       1
       3
       2
       2
       2
       0
       3
       1
       1
       2
       0
       2
       1
       4
       1
       0
       1
       2
       1
       2
       2
       2
       1
       3
       2
       3
       2
       1
       1
       2
       2
       3
       0
       2
       1
       3
       5
       2
       5
       5
       0
       2
       2
       4
       0
       4
       5
       2
       2
       3
       1
       1
       3
       1
       3
       2
       3
       2
       2
       0
       2
       1
       1
       1
       3
       2
       1
       2
       5
       2
       4
       2
       1
       1
       1
       1
       3
       4
       5
       1
       2
       3
       0
       4
       6
       2
       1
       4
       3
       1
       2
       1
       0
       2
       3
       0
       2
       4
       0
       1
       0
       3
       3
       2
       2
       1
       0
       1
       2
       0
       6
       3
       1
       2
       2
       4
       1
       2
       2
       4
       2
       2
       1
       5
       6
       3
       2
       4
       2
       3
       3
       1
       3
       3
       2
       1
       1
       4
       4
       6
       1
       2
       2
       3
       1
       2
       0
       1
       1
       1
       3
       1
       2
       4
       3
       3
       1
       1
       2
       3
       6
       4
       0
       1
       2
       0
       1
       4
       2
       2
       2
       2
       1
       1
       3
       0
       2
       1
       2
       2
       2
       4
       1
       2
       0
       3
       2
       4
       2
       1
       0
       3
       0
       3
       1
       2
       3
       1
       0
       1
       2
       2
       4
       2
       1
       0
       1
       1
       1
       1
       2
       1
       6
       1
       2
       0
       2
       3
       2
       1
       1
       0
       2
       1
       3
       0
       2
       1
       1
       3
       1
       0
       1
       2
       1
       1
       1
       1
       0
       1
       0
       1
       0
       2
       1
       2
       0
       0
       2
       2
       1
       1
       0
       0
       2
       0
       0
       0
       1
       3
       1
       3
       1
       1
       0
       1
       0
       1
       0
       0
       0
       2
       2
       0
       1
       1
       2
       2
       0
       0
       0
       0
       1
       0
       0
       0
       0
       1
       1
       0
       1
       2
       0
       2
       0
       3
       3
       1
       1
       1
       1
       4
       2
       2
       1
       0
       1
       0
       2
       0
       3
       2
       1
       1
       2
       3
       0
       1
       2
      20
      18
      23
      15
      20
      25
      14
      25
      20
      19
      15
      16
      21
      17
      25
      27
      22
      23
      18
      19
      14
      17
      12
      29
      18
      16
      19
      18
      14
      13
      25
      15
      24
      21
      19
      19
      23
      25
      21
      14
      24
      17
      14
      11
      17
      28
$ROI:
0
$PRESETS:
Real Time
300
0
$ENER_FIT:
-53.653728 1.233886
$MCA_CAL:
3
-5.365373E+001 1.233886E+000 0.000000E+000 keV
$SHAPE_CAL:
3
0.000000E+000 0.000000E+000 0.000000E+000
