$SPEC_ID:
20
$SPEC_REM:
DET# 1
DETDESC# OCL-MASSPEC MCB 337
AP# Maestro Version 7.01
$DATE_MEA:
11/03/2023 15:52:15
$MEAS_TIM:
283 300
$DATA:
0 2047
       0
       0
       0
       0
       0
       0
       0
       0
       0
       0
       0
       0
       0
       0
       0
       0
       0
       0
       0
       0
       0
       0
       0
       0
       0
       0
       0
       0
       0
       0
       0
       0
       0
       0
       0
       0
       0
       2
       9
      10
      15
     109
    1318
    2464
    2880
    2656
    2168
    1951
    1743
    1732
    1686
    1645
    1659
    1705
    1673
    1692
    1686
    1684
    1775
    1746
    1787
    1787
    1723
    1859
    1857
    1879
    1849
    1961
    1986
    2021
    2041
    2110
    2182
    2176
    2395
    2454
    2422
    2609
    2519
    2629
    2581
    2431
    2375
    2381
    2334
    2252
    2234
    2216
    2176
    2239
    2155
    2154
    2222
    2081
    2139
    2047
    2026
    2069
    2185
    2032
    1996
    1971
    2064
    2062
    2010
    2059
    2038
    2123
    2040
    2089
    2075
    2061
    2103
    2052
    2070
    2010
    2110
    1964
    2034
    2093
    2061
    2019
    1979
    1985
    1992
    1976
    1995
    1970
    1979
    1987
    2007
    1963
    1978
    1954
    1966
    1911
    1804
    1899
    1844
    1884
    1976
    1920
    1946
    1866
    1821
    1877
    1895
    1958
    1966
    1920
    1846
    1863
    1843
    1888
    1914
    1963
    1840
    1829
    1886
    1917
    1912
    1949
    1964
    1983
    1927
    1940
    1996
    2073
    2053
    2035
    2201
    2230
    2175
    2189
    2360
    2322
    2363
    2364
    2359
    2432
    2438
    2440
    2458
    2325
    2390
    2405
    2450
    2458
    2342
    2388
    2479
    2376
    2449
    2308
    2358
    2292
    2326
    2352
    2322
    2295
    2293
    2187
    2228
    2245
    2265
    2227
    2156
    2141
    2154
    2121
    2130
    2036
    2064
    2145
    2139
    2142
    2058
    2038
    2053
    2088
    1972
    1938
    1992
    2012
    1897
    1970
    1995
    1865
    1910
    1820
    1836
    1838
    1799
    1717
    1798
    1896
    1754
    1727
    1830
    1843
    1779
    1744
    1699
    1756
    1732
    1781
    1706
    1767
    1651
    1665
    1681
    1645
    1651
    1652
    1674
    1579
    1634
    1622
    1605
    1586
    1618
    1545
    1613
    1601
    1523
    1599
    1562
    1636
    1554
    1503
    1491
    1583
    1483
    1452
    1442
    1534
    1515
    1520
    1507
    1547
    1444
    1534
    1540
    1508
    1483
    1460
    1455
    1455
    1492
    1395
    1435
    1503
    1376
    1514
    1494
    1402
    1420
    1462
    1417
    1395
    1427
    1440
    1466
    1412
    1427
    1391
    1403
    1398
    1370
    1326
    1345
    1360
    1373
    1436
    1331
    1431
    1373
    1399
    1367
    1399
    1401
    1364
    1380
    1399
    1296
    1351
    1302
    1352
    1308
    1306
    1365
    1307
    1287
    1377
    1241
    1370
    1357
    1346
    1364
    1336
    1289
    1312
    1397
    1328
    1331
    1318
    1335
    1324
    1334
    1277
    1372
    1373
    1294
    1378
    1321
    1310
    1400
    1361
    1236
    1307
    1368
    1369
    1299
    1347
    1384
    1273
    1316
    1418
    1309
    1347
    1353
    1347
    1367
    1330
    1343
    1327
    1362
    1364
    1365
    1341
    1391
    1463
    1415
    1349
    1301
    1415
    1434
    1409
    1330
    1368
    1371
    1342
    1405
    1390
    1380
    1330
    1291
    1303
    1294
    1305
    1278
    1225
    1267
    1194
    1202
    1210
    1172
    1131
    1110
    1101
    1022
    1054
    1059
     924
    1004
     931
     888
     947
     878
     861
     829
     817
     853
     785
     755
     796
     730
     724
     668
     706
     684
     657
     678
     638
     662
     658
     645
     587
     558
     635
     605
     599
     623
     604
     601
     545
     573
     551
     563
     561
     495
     555
     529
     526
     570
     530
     479
     536
     513
     512
     490
     493
     485
     514
     463
     476
     456
     499
     474
     464
     497
     475
     490
     484
     481
     458
     463
     462
     478
     488
     454
     489
     500
     457
     462
     450
     502
     517
     478
     498
     466
     510
     500
     512
     497
     523
     511
     485
     549
     511
     545
     521
     551
     551
     491
     558
     567
     585
     586
     584
     584
     600
     620
     653
     605
     639
     631
     709
     648
     699
     728
     775
     692
     824
     867
     763
     925
     846
     922
    1021
    1020
    1103
    1088
    1152
    1209
    1343
    1327
    1453
    1515
    1643
    1730
    1876
    1935
    2034
    2263
    2374
    2610
    2747
    2884
    3045
    3280
    3465
    3733
    3830
    4134
    4492
    4776
    4999
    5398
    5497
    5820
    6144
    6472
    6720
    7009
    7190
    7621
    7760
    8175
    8074
    8361
    8569
    8879
    9108
    9044
    9305
    9172
    9365
    9432
    9470
    9466
    9179
    9270
    9187
    8997
    8841
    8625
    8300
    8286
    7877
    7612
    7172
    7040
    6760
    6296
    5876
    5686
    5496
    4945
    4740
    4325
    4098
    3749
    3441
    3207
    3061
    2752
    2623
    2274
    2170
    1955
    1843
    1629
    1514
    1362
    1249
    1092
    1008
    1002
     898
     852
     739
     747
     684
     655
     593
     594
     570
     484
     504
     459
     481
     429
     458
     419
     385
     400
     394
     334
     373
     378
     377
     363
     359
     362
     319
     338
     345
     376
     322
     339
     320
     326
     352
     326
     330
     329
     306
     313
     333
     329
     339
     294
     310
     299
     323
     319
     336
     292
     295
     313
     300
     330
     317
     333
     320
     300
     326
     345
     303
     300
     323
     309
     304
     294
     349
     299
     284
     279
     320
     320
     293
     318
     298
     325
     319
     314
     327
     341
     316
     340
     312
     321
     272
     289
     313
     320
     315
     332
     279
     316
     299
     332
     298
     311
     313
     342
     324
     350
     347
     315
     329
     320
     306
     361
     329
     325
     303
     336
     332
     349
     318
     320
     343
     351
     320
     339
     326
     348
     354
     346
     340
     317
     327
     295
     345
     317
     315
     328
     315
     352
     326
     362
     312
     333
     346
     328
     357
     344
     364
     342
     364
     324
     319
     347
     315
     333
     324
     330
     328
     333
     344
     336
     350
     354
     357
     340
     362
     328
     323
     342
     332
     353
     305
     361
     334
     323
     332
     321
     316
     284
     334
     330
     302
     313
     303
     314
     290
     325
     289
     333
     296
     280
     288
     288
     275
     273
     291
     281
     307
     308
     283
     268
     308
     286
     247
     254
     279
     248
     258
     260
     254
     284
     252
     248
     263
     244
     262
     251
     246
     245
     255
     266
     243
     240
     230
     221
     251
     231
     238
     211
     247
     246
     231
     205
     248
     251
     228
     212
     245
     241
     217
     227
     205
     203
     216
     233
     225
     231
     208
     226
     208
     248
     235
     203
     226
     236
     206
     239
     204
     229
     227
     218
     220
     237
     190
     218
     221
     196
     236
     214
     234
     215
     211
     222
     224
     209
     235
     200
     224
     229
     229
     210
     202
     221
     213
     218
     204
     245
     204
     244
     245
     196
     227
     238
     210
     211
     207
     229
     201
     198
     213
     257
     233
     231
     243
     222
     212
     207
     206
     211
     224
     222
     245
     220
     239
     251
     227
     211
     236
     225
     197
     224
     228
     257
     261
     242
     224
     230
     237
     255
     299
     254
     297
     307
     287
     287
     302
     308
     318
     325
     318
     326
     349
     359
     387
     415
     393
     392
     426
     423
     450
     445
     481
     488
     549
     526
     574
     570
     590
     638
     600
     646
     670
     642
     717
     746
     708
     785
     761
     859
     818
     808
     823
     901
     905
     889
     855
     945
     920
     918
     957
     963
     938
     946
     962
     990
     988
     936
     954
     983
     927
     927
     891
     870
     913
     868
     792
     884
     836
     774
     797
     741
     746
     759
     697
     706
     676
     646
     647
     606
     546
     535
     537
     495
     530
     469
     438
     392
     445
     433
     386
     383
     343
     329
     315
     303
     324
     265
     249
     247
     255
     216
     201
     235
     208
     206
     198
     226
     172
     152
     176
     182
     173
     176
     179
     146
     176
     176
     182
     149
     163
     157
     179
     167
     177
     180
     203
     211
     196
     206
     215
     217
     206
     224
     233
     217
     276
     267
     263
     292
     279
     285
     323
     300
     334
     355
     338
     356
     358
     423
     384
     424
     464
     441
     488
     508
     508
     491
     530
     555
     557
     633
     584
     615
     625
     610
     614
     610
     593
     665
     719
     739
     710
     790
     737
     734
     713
     764
     766
     751
     751
     763
     759
     787
     796
     737
     754
     761
     791
     775
     773
     742
     753
     672
     687
     685
     674
     697
     610
     633
     609
     601
     561
     589
     554
     575
     516
     505
     480
     464
     432
     454
     412
     431
     396
     376
     368
     357
     322
     319
     311
     299
     269
     268
     235
     211
     231
     204
     195
     203
     197
     158
     192
     169
     171
     158
     138
     125
     117
     125
     107
     131
     106
     102
     101
      94
      85
     104
      82
      93
      80
      80
      95
      93
      70
      83
      72
      71
      63
      61
      70
      55
      69
      61
      47
      64
      67
      58
      65
      60
      58
      67
      55
      62
      49
      47
      61
      56
      63
      64
      33
      54
      59
      58
      58
      65
      47
      58
      52
      61
      63
      50
      43
      50
      50
      57
      43
      42
      45
      51
      54
      47
      41
      38
      47
      39
      37
      31
      40
      48
      48
      43
      35
      42
      39
      38
      36
      33
      38
      33
      44
      24
      30
      34
      29
      22
      36
      34
      29
      29
      24
      34
      20
      29
      26
      40
      18
      23
      29
      27
      18
      14
      22
      26
      23
      23
      24
      21
      24
      25
      22
      21
      18
      14
      21
      13
      29
      15
      15
      20
      17
      21
      22
      20
      18
       9
      28
      19
      17
      17
      19
      15
      15
      22
      20
      16
      13
      18
      18
      27
      18
      10
      10
      18
       9
      15
      14
      20
      13
      19
      12
      16
      14
      15
      15
      20
      17
      13
      20
      13
      10
      14
      11
      13
      24
      15
      17
      23
      16
      16
      17
      10
      11
      17
      12
      19
      17
       8
      15
      13
      10
      13
      11
      19
       8
      18
      19
      10
      15
      16
      20
      18
      10
      22
       7
      20
      11
      16
      20
      15
      13
      13
      15
      10
      11
      10
      15
      11
      12
       7
       5
      11
      17
      10
       9
       6
      10
       6
      13
      15
      17
      16
      11
      15
      13
      13
      17
       9
       8
      15
      13
      16
      12
      15
      15
      11
      10
      13
       9
      10
      10
      10
       6
      10
       8
      12
      16
       7
       8
      11
       6
      14
       5
      12
      10
      11
       9
      13
       9
      15
       5
      12
       7
      16
      16
      14
       9
      13
       9
      13
      16
      10
      18
      14
      13
      14
      18
      12
       9
       9
      11
      11
      12
      10
       9
      15
      11
      10
      10
       9
      12
      11
      10
      10
      13
      10
      11
      10
      12
      11
      13
      10
      13
      15
      12
      10
      10
      13
      10
      17
       7
      10
      11
      10
       9
      19
      13
       9
       8
       8
       8
      14
      17
      10
      15
       9
      10
      12
      12
       9
       7
       7
       6
       9
      13
       8
      10
      10
      12
      12
      15
      12
      10
       6
       9
       7
      11
      11
      10
      13
       9
      15
       3
      16
      10
       8
      13
      11
       5
      11
      12
       5
       8
      11
      13
       9
       9
       9
       6
       8
       9
       8
       7
      14
       4
       5
       8
       7
      11
      12
      13
      12
       5
       9
      11
      11
       1
       7
      14
      14
       8
       6
       6
      11
       8
      11
       9
      10
       9
       5
       8
       8
      10
      13
       7
       5
       8
      11
      13
      10
      10
       6
      11
       3
       9
      10
       8
       8
       2
       4
       4
       6
       5
      10
       6
       6
      14
       5
       4
       7
       7
      13
       3
       8
       9
      11
       6
       4
       3
       7
      15
      11
       6
       9
       6
      11
      13
       4
       5
       6
       5
       4
       9
       5
       6
       7
       9
      15
       6
       4
       6
       7
       5
       8
       6
       8
       8
       7
      12
       8
       9
       9
       7
       1
      11
      13
      12
      11
       5
       7
      12
       7
       6
       7
       5
      10
       6
       3
       5
       8
       8
       8
       9
       6
       7
       5
      10
       7
       9
       7
       8
       7
       6
       7
      10
      12
       8
       6
       4
       8
      10
       4
       6
       8
      13
       5
       4
       8
       6
       7
       6
       8
       4
       9
       8
       9
       5
       7
       7
       8
       2
      13
       3
       4
       4
       5
       5
       6
       4
       7
       8
       5
       9
      12
       5
      11
       8
       5
       5
       7
       3
       4
       3
       5
       8
      12
       6
       7
       8
      10
       8
       7
      15
       6
      10
       2
       7
      10
      13
       6
       3
       5
       6
       5
       5
       3
       8
      12
      10
       1
      11
       9
       6
       5
      12
       6
       6
       9
       6
       6
       7
       6
       8
       7
      10
       4
       6
       7
       4
       8
      10
      10
       8
       4
       7
      11
       3
      11
       8
       5
       4
      11
       8
       8
      10
       7
       8
       6
       7
       4
       9
      10
       7
      14
       8
       9
       3
       5
       4
       9
      12
       8
       7
       7
       4
       6
      12
       7
       3
       9
      13
       6
       4
       6
      10
       9
       7
      11
       4
       5
       2
       4
       5
       4
       1
       6
       2
      10
       8
       2
       9
       5
      10
       5
      14
       4
       8
       8
      10
       9
       4
      12
       5
       6
       1
      12
       7
       8
       6
      14
       7
       4
       4
       4
       7
      10
       7
       6
       7
       3
       1
       7
       6
       5
       5
      14
       8
       6
       3
       7
       5
       3
       4
       4
       4
       7
       7
       5
       3
       6
       5
       5
       3
       8
      11
       8
       5
       5
       1
       6
       5
       4
       2
       5
      10
       7
       7
       3
       8
       2
       5
       5
       4
       2
       4
       4
       2
       4
       3
       3
       6
       2
       2
       4
       3
       6
       1
       6
       4
       7
       1
       3
       0
       3
       3
       3
       2
       3
       2
       3
       2
       2
       3
       1
       1
       6
       2
       4
       6
       3
       2
       3
       3
       4
       1
       7
       4
       3
       3
       3
       2
       0
       4
       2
       5
       2
       1
       0
       1
       2
       4
       5
       2
       3
       2
       1
       0
       3
       3
       2
       4
       5
       4
       3
       2
       1
       6
       1
       2
       4
       0
       2
       2
       1
       4
       5
       5
       6
       3
       5
      11
      34
      41
      36
      48
      29
      33
      40
      39
      46
      38
      46
      45
      27
      44
      40
      37
      40
      40
      38
      40
      36
      38
      29
      36
      32
      36
      39
      38
      44
      42
      40
      25
      44
      37
      35
      37
      39
      31
      33
      34
      40
      32
      29
      30
      27
      36
$ROI:
0
$PRESETS:
Real Time
300
0
$ENER_FIT:
-53.653728 1.233886
$MCA_CAL:
3
-5.365373E+001 1.233886E+000 0.000000E+000 keV
$SHAPE_CAL:
3
0.000000E+000 0.000000E+000 0.000000E+000
